[header]
width=50
height=50
tilewidth=32
tileheight=32

[tilesets]
tileset=../Graphics/Tilesets/tilea1.png,32,32,0,0
tileset=../Graphics/Tilesets/trees2.png,32,32,0,0
tileset=../Graphics/Tilesets/suelos.png,32,32,0,0
tileset=../Graphics/Tilesets/pirate-themed-tilee.png,32,32,0,0
tileset=../Graphics/Tilesets/chibihikaru-tilea2.png,32,32,0,0
tileset=../Graphics/Tilesets/21.png,32,32,0,0

[layer]
type=main
data=
278,221,222,223,224,221,222,223,224,221,222,223,224,221,222,223,224,221,222,223,224,221,222,223,224,221,222,223,224,471,471,471,471,471,471,471,471,471,471,471,471,471,471,471,471,471,471,471,471,471,
278,237,238,239,240,237,238,239,240,237,238,239,240,237,238,239,240,237,238,239,240,237,238,239,240,237,238,239,240,471,471,471,471,471,471,471,471,471,471,471,471,471,471,471,471,471,471,471,471,471,
278,253,254,255,256,253,254,255,256,253,254,255,256,253,254,255,256,253,254,255,256,253,254,255,256,253,254,255,256,471,471,471,471,471,471,471,471,471,471,471,471,471,471,471,471,471,471,471,471,471,
278,471,270,271,272,269,270,271,471,269,270,471,471,471,270,271,272,269,471,271,272,471,471,271,272,269,471,271,471,471,471,471,471,471,471,471,471,471,471,471,471,471,471,471,471,471,471,471,471,471,
278,471,471,287,288,285,286,471,471,471,286,471,471,471,286,471,859,860,471,287,288,471,471,287,288,285,471,471,471,471,471,471,471,471,471,471,471,471,471,471,471,471,471,471,471,471,471,471,471,471,
471,471,471,232,231,471,471,471,471,471,471,471,278,471,278,471,471,471,471,278,471,471,231,232,231,471,471,471,471,471,471,471,471,471,471,471,471,471,471,471,471,471,471,471,471,471,471,471,471,471,
471,471,471,248,247,471,471,471,471,471,471,471,471,471,471,471,278,471,471,471,471,471,247,248,471,471,471,471,471,471,471,471,471,471,471,471,471,471,471,471,471,471,471,471,471,471,471,471,471,471,
471,471,471,471,471,471,471,471,471,471,471,471,471,471,471,471,471,471,471,471,471,471,471,471,471,471,471,471,471,471,471,471,471,471,471,471,471,471,471,471,471,471,471,471,471,471,471,471,471,471,
471,471,471,471,471,471,471,471,471,471,471,471,471,471,471,471,471,471,471,471,471,471,471,471,471,471,471,471,471,471,471,471,471,471,471,471,471,471,471,471,471,471,471,471,471,471,471,471,471,471,
471,471,471,471,471,471,471,471,471,471,471,471,471,471,471,471,471,471,471,471,471,471,471,471,471,471,471,471,471,471,471,471,471,471,471,471,471,471,471,471,471,471,471,471,471,471,471,471,471,471,
471,471,471,471,471,471,471,471,471,471,471,471,471,471,471,471,471,471,471,471,471,471,471,471,471,471,471,471,471,471,471,471,471,471,471,471,471,471,471,471,471,471,471,471,471,471,471,471,471,471,
471,471,471,471,471,471,471,471,471,471,471,471,471,471,471,471,471,471,471,471,471,471,471,471,471,471,471,471,471,471,471,471,471,471,471,471,471,471,471,471,471,471,471,471,471,471,471,471,471,471,
471,471,471,471,471,471,471,471,471,471,471,471,1094,1096,1096,1096,1098,471,471,471,471,471,471,471,471,471,471,471,471,471,471,471,471,471,471,471,471,471,471,471,471,471,471,471,471,471,471,471,471,471,
471,471,471,471,471,471,471,471,471,471,471,471,1110,1110,1110,1110,1110,471,471,471,471,471,471,471,471,471,471,471,471,471,471,471,471,471,471,471,471,471,471,471,471,471,471,471,471,471,471,471,471,471,
471,471,471,471,471,471,471,471,471,471,471,471,1110,1111,1112,1113,1114,471,471,471,471,471,471,471,471,471,471,471,471,471,471,471,471,471,471,471,471,471,471,471,471,471,471,471,471,471,471,471,471,471,
471,471,471,471,471,471,471,471,471,471,471,471,1126,1127,1128,1129,1130,471,471,471,471,471,471,471,471,471,471,471,471,471,471,471,471,471,471,471,471,471,471,471,471,471,471,471,471,471,471,471,471,471,
471,471,471,471,471,471,471,471,471,471,471,471,1142,1143,1144,1145,1146,471,471,471,471,471,471,471,471,471,471,471,471,471,471,471,471,471,471,471,471,471,471,471,471,471,471,471,471,471,471,471,471,471,
471,471,471,471,471,471,471,471,471,471,471,471,1158,1159,1160,1161,1162,471,471,471,471,471,471,471,471,471,471,471,471,471,471,471,471,471,471,471,471,471,471,471,471,471,471,471,471,471,471,471,471,471,
471,471,471,471,471,471,471,471,471,471,471,471,1174,1175,1176,1177,1178,471,471,471,471,471,471,471,471,471,471,471,471,471,471,471,471,471,471,471,471,471,471,471,471,471,471,471,471,471,471,471,471,471,
471,471,471,471,471,471,471,471,471,471,471,471,471,609,609,609,609,471,471,471,471,471,471,471,471,471,471,471,471,471,471,471,471,471,471,471,471,471,471,471,471,471,471,471,471,471,471,471,471,471,
471,471,471,471,471,471,471,471,471,471,471,471,471,609,609,609,609,471,471,471,471,471,471,471,471,471,471,471,471,471,471,471,471,471,471,471,471,471,471,471,471,471,471,471,471,471,471,471,471,471,
471,471,471,471,471,471,471,471,471,471,471,471,471,609,609,609,609,471,471,471,471,471,471,471,471,471,471,471,471,471,471,471,471,471,471,471,471,471,471,471,471,471,471,471,471,471,471,471,471,471,
471,471,471,471,471,471,471,471,471,471,471,471,471,609,609,609,609,471,471,471,471,471,471,471,471,471,471,471,471,471,471,471,471,471,471,471,471,471,471,471,471,471,471,471,471,471,471,471,471,471,
471,471,471,471,471,471,471,471,471,471,471,471,471,609,609,609,609,471,471,471,471,471,471,471,471,471,471,471,471,471,471,471,471,471,471,471,471,471,471,471,471,471,471,471,471,471,471,471,471,471,
471,471,471,471,471,471,471,471,471,471,471,471,471,609,609,609,609,471,471,471,471,471,471,471,471,471,471,471,471,471,471,471,471,471,471,471,471,471,471,471,471,471,471,471,471,471,471,471,471,471,
471,471,471,471,471,471,471,471,471,471,471,471,471,609,609,609,609,471,471,471,471,471,471,471,471,471,471,471,471,471,471,471,471,471,471,471,471,471,471,471,471,471,471,471,471,471,471,471,471,471,
471,471,471,471,471,471,471,471,471,471,471,471,471,609,609,609,609,471,471,471,471,471,471,471,471,471,471,471,471,471,471,471,471,471,471,471,471,471,471,471,471,471,471,471,471,471,471,471,471,471,
471,471,471,471,471,471,471,471,471,471,471,471,471,609,609,609,609,471,471,471,471,471,471,471,471,471,471,471,471,471,471,471,471,471,471,471,471,471,471,471,471,471,471,471,471,471,471,471,471,471,
471,471,471,471,471,471,471,471,471,471,471,471,471,609,609,609,609,471,471,471,471,471,471,471,471,471,471,471,471,471,471,471,471,471,471,471,471,471,471,471,471,471,471,471,471,471,471,471,471,471,
471,471,471,471,471,471,471,471,471,471,471,471,471,609,609,609,609,471,471,471,471,471,471,471,471,471,471,471,471,471,471,471,471,471,471,471,471,471,471,471,471,471,471,471,471,471,471,471,471,471,
471,471,471,471,471,471,471,471,471,471,471,471,471,609,609,609,609,471,471,471,471,471,471,471,471,471,471,471,471,471,471,471,471,471,471,471,471,471,471,471,471,471,471,471,471,471,471,471,471,471,
471,471,471,471,471,471,471,471,471,471,471,471,471,609,609,609,609,471,471,471,471,471,471,471,471,471,471,471,471,471,471,471,471,471,471,471,471,471,471,471,471,471,471,471,471,471,471,471,471,471,
471,471,471,471,471,471,471,471,471,471,471,471,471,609,609,609,609,471,471,471,471,471,471,471,471,471,471,471,471,471,471,471,471,471,471,471,471,471,471,471,471,471,471,471,471,471,471,471,471,471,
471,471,471,471,471,471,471,471,471,471,471,471,471,609,609,609,609,471,471,471,471,471,471,471,471,471,471,471,471,471,471,471,471,471,471,471,471,471,471,471,471,471,471,471,471,471,471,471,471,471,
471,471,471,471,471,471,471,471,471,471,471,471,471,609,609,609,609,471,471,471,471,471,471,471,471,471,471,471,471,471,471,471,471,471,471,471,471,471,471,471,471,471,471,471,471,471,471,471,471,471,
471,471,471,471,471,471,471,471,471,471,471,471,471,609,609,609,609,471,471,471,471,471,471,471,471,471,471,471,471,471,471,471,471,471,471,471,471,471,471,471,471,471,471,471,471,471,471,471,471,471,
471,471,471,471,471,471,471,471,471,471,471,471,471,609,609,609,609,471,471,471,471,471,471,471,471,471,471,471,471,471,471,471,471,471,471,471,471,471,471,471,471,471,471,471,471,471,471,471,471,471,
471,471,471,471,471,471,471,471,471,471,471,471,471,609,609,609,609,471,471,471,471,471,471,471,471,471,471,471,471,471,471,471,471,471,471,471,471,471,471,471,471,471,471,471,471,471,471,471,471,471,
471,471,452,453,453,453,453,453,453,453,454,471,471,609,609,609,609,471,471,471,471,471,471,471,471,471,471,471,471,471,471,471,471,471,471,471,471,471,471,471,471,471,471,471,471,471,471,471,471,471,
471,471,464,465,465,465,465,465,465,465,466,471,471,609,609,609,609,471,471,471,471,471,471,471,471,471,471,471,471,471,471,471,471,471,471,471,471,471,471,471,471,471,471,471,471,471,471,471,471,471,
471,471,464,465,465,465,465,465,465,465,466,471,471,609,609,609,609,471,471,471,471,471,471,471,471,471,471,471,471,471,471,471,471,471,471,471,471,471,471,471,471,471,471,471,471,471,471,471,471,471,
471,471,464,465,465,465,465,465,465,465,466,471,471,609,609,609,609,471,471,471,471,471,471,471,471,471,471,471,471,471,471,471,471,471,471,471,471,471,471,471,471,471,471,471,471,471,471,471,471,471,
471,471,464,465,465,465,465,465,465,465,466,471,471,609,609,609,609,471,471,471,471,471,471,471,471,471,471,471,471,471,471,471,471,471,471,471,471,471,471,471,471,471,471,471,471,471,471,471,471,471,
471,471,464,465,465,465,465,465,465,465,466,471,471,609,609,609,609,471,471,471,471,471,471,471,471,471,471,471,471,471,471,471,471,471,471,471,471,471,471,471,471,471,471,471,471,471,471,471,471,471,
471,471,464,465,465,465,465,465,465,465,466,471,471,609,609,609,609,471,471,471,471,471,471,471,471,471,471,471,471,471,471,471,471,471,471,471,471,471,471,471,471,471,471,471,471,471,471,471,471,471,
471,471,464,465,465,465,465,465,465,465,466,471,471,609,609,609,609,471,471,471,471,471,471,471,471,471,471,471,471,471,471,471,471,471,471,471,471,471,471,471,471,471,471,471,471,471,471,471,471,471,
471,471,464,465,465,465,465,465,465,465,466,471,471,609,609,609,609,471,471,471,471,471,471,471,471,471,471,471,471,471,471,471,471,471,471,471,471,471,471,471,471,471,471,471,471,471,471,471,471,471,
471,471,464,465,465,465,465,465,465,465,466,471,471,609,609,609,609,471,471,471,471,471,471,471,471,471,471,471,471,471,471,471,471,471,471,471,471,471,471,471,471,471,471,471,471,471,471,471,471,471,
471,471,476,477,477,477,477,477,477,477,478,471,471,609,609,609,609,471,471,471,471,471,471,471,471,471,471,471,471,471,471,471,471,471,471,471,471,471,471,471,471,471,471,471,471,471,471,471,471,471,
471,471,471,471,471,471,471,471,471,471,471,471,471,609,609,609,609,471,471,471,471,471,471,471,471,471,471,471,471,471,471,471,471,471,471,471,471,471,471,471,471,471,471,471,471,471,471,471,471,471

[layer]
type=over
data=
0,0,0,0,0,0,0,0,0,0,0,0,0,0,0,0,0,0,0,0,0,0,0,0,0,0,0,0,0,0,0,0,0,0,0,0,0,0,0,0,0,0,0,0,0,0,0,0,0,0,
0,0,0,0,0,0,0,0,0,0,0,0,0,0,0,0,0,0,0,0,0,0,0,0,0,0,0,0,0,0,0,0,0,0,0,0,0,0,0,0,0,0,0,0,0,0,0,0,0,0,
0,0,0,0,0,0,0,0,0,0,0,0,0,0,0,0,0,0,0,0,0,0,0,0,0,0,0,0,0,0,0,0,0,0,0,0,0,0,0,0,0,0,0,0,0,0,0,0,0,0,
0,0,0,0,0,0,0,0,0,0,0,0,0,0,0,0,0,0,0,0,0,0,0,0,0,0,0,0,0,0,0,0,0,0,0,0,0,0,0,0,0,0,0,0,0,0,0,0,0,0,
0,0,0,0,0,0,0,0,0,0,0,0,0,0,0,0,0,0,0,0,0,0,0,0,0,0,0,0,0,0,0,0,0,0,0,0,0,0,0,0,0,0,0,0,0,0,0,0,0,0,
0,0,0,0,0,0,0,0,0,0,0,0,0,0,0,0,0,0,0,0,0,0,0,0,0,0,0,0,0,0,0,0,0,0,0,0,0,0,0,0,0,0,0,0,0,0,0,0,0,0,
0,0,0,0,0,0,0,0,0,0,0,0,0,0,0,0,0,0,0,0,0,0,0,0,0,0,0,0,0,0,0,0,0,0,0,0,0,0,0,0,0,0,0,0,0,0,0,0,0,0,
0,0,0,0,0,0,0,0,0,0,0,0,0,0,0,0,0,0,0,0,0,0,0,0,0,0,0,0,0,0,0,0,0,0,0,0,0,0,0,0,0,0,0,0,0,0,0,0,0,0,
0,0,0,0,0,0,0,0,0,0,0,0,0,0,0,0,0,0,0,0,0,0,0,0,0,0,0,0,0,0,0,0,0,0,0,0,0,0,0,0,0,0,0,0,0,0,0,0,0,0,
0,0,0,0,0,0,0,0,0,0,0,0,0,0,0,0,0,0,0,0,0,0,0,0,0,0,0,0,0,0,0,0,0,0,0,0,0,0,0,0,0,0,0,0,0,0,0,0,0,0,
0,0,0,0,0,0,0,0,0,0,0,0,0,0,0,0,0,0,0,0,0,0,0,0,0,0,0,0,0,0,0,0,0,0,0,0,0,0,0,0,0,0,0,0,0,0,0,0,0,0,
0,0,0,0,0,0,0,0,0,0,0,0,0,0,0,0,0,0,0,0,0,0,0,0,0,0,0,0,0,0,0,0,0,0,0,0,0,0,0,0,0,0,0,0,0,0,0,0,0,0,
0,0,0,0,0,0,0,0,0,0,0,0,0,0,0,0,0,0,0,0,0,0,0,0,0,0,0,0,0,0,0,0,0,0,0,0,0,0,0,0,0,0,0,0,0,0,0,0,0,0,
0,0,0,0,0,0,0,0,0,0,0,0,0,0,0,0,0,0,0,0,0,0,0,0,0,0,0,0,0,0,0,0,0,0,0,0,0,0,0,0,0,0,0,0,0,0,0,0,0,0,
0,0,0,0,0,0,0,0,0,0,0,0,0,0,0,0,0,0,0,0,0,0,0,0,0,0,0,0,0,0,0,0,0,0,0,0,0,0,0,0,0,0,0,0,0,0,0,0,0,0,
0,0,0,0,0,0,0,0,0,0,0,0,0,0,0,0,0,0,0,0,0,0,0,0,0,0,0,0,0,0,0,0,0,0,0,0,0,0,0,0,0,0,0,0,0,0,0,0,0,0,
0,0,0,0,0,0,0,0,0,0,0,0,0,0,0,0,0,0,0,0,0,0,0,0,0,0,0,0,0,0,0,0,0,0,0,0,0,0,0,0,0,0,0,0,0,0,0,0,0,0,
0,0,0,0,0,0,0,0,0,0,0,0,0,0,0,0,0,0,0,0,0,0,0,0,0,0,0,0,0,0,0,0,0,0,0,0,0,0,0,0,0,0,0,0,0,0,0,0,0,0,
0,0,0,0,0,0,0,0,0,0,0,0,0,0,0,0,0,0,0,0,0,0,0,0,0,0,0,0,0,0,0,0,0,0,0,0,0,0,0,0,0,0,0,0,0,0,0,0,0,0,
0,0,0,0,0,0,0,0,0,0,0,0,0,0,0,0,0,0,0,0,0,0,0,0,0,0,0,0,0,0,0,0,0,0,0,0,0,0,0,0,0,0,0,0,0,0,0,0,0,0,
0,0,0,0,0,0,0,0,0,0,0,0,0,0,0,0,0,0,0,0,0,0,0,0,0,0,0,0,0,0,0,0,0,0,0,0,0,0,0,0,0,0,0,0,0,0,0,0,0,0,
0,0,0,0,0,0,0,0,0,0,0,0,0,0,0,0,0,0,0,0,0,0,0,0,0,0,0,0,0,0,0,0,0,0,0,0,0,0,0,0,0,0,0,0,0,0,0,0,0,0,
0,0,0,0,0,0,0,0,0,0,0,0,0,0,0,0,0,0,0,0,0,0,0,0,0,0,0,0,0,0,0,0,0,0,0,0,0,0,0,0,0,0,0,0,0,0,0,0,0,0,
0,0,0,0,0,0,0,0,0,0,0,0,0,0,0,0,0,0,0,0,0,0,0,0,0,0,0,0,0,0,0,0,0,0,0,0,0,0,0,0,0,0,0,0,0,0,0,0,0,0,
0,0,0,0,0,0,0,0,0,0,0,0,0,0,0,0,0,0,0,0,0,0,0,0,0,0,0,0,0,0,0,0,0,0,0,0,0,0,0,0,0,0,0,0,0,0,0,0,0,0,
0,0,0,0,0,0,0,0,0,0,0,0,0,0,0,0,0,0,0,0,0,0,0,0,0,0,0,0,0,0,0,0,0,0,0,0,0,0,0,0,0,0,0,0,0,0,0,0,0,0,
0,0,0,0,0,0,0,0,0,0,0,0,0,0,0,0,0,0,0,0,0,0,0,0,0,0,0,0,0,0,0,0,0,0,0,0,0,0,0,0,0,0,0,0,0,0,0,0,0,0,
0,0,0,0,0,0,0,0,0,0,0,0,0,0,0,0,0,0,0,0,0,0,0,0,0,0,0,0,0,0,0,0,0,0,0,0,0,0,0,0,0,0,0,0,0,0,0,0,0,0,
0,0,0,0,0,0,0,0,0,0,0,0,0,0,0,0,0,0,0,0,0,0,0,0,0,0,0,0,0,0,0,0,0,0,0,0,0,0,0,0,0,0,0,0,0,0,0,0,0,0,
0,0,0,0,0,0,0,0,0,0,0,0,0,0,0,0,0,0,0,0,0,0,0,0,0,0,0,0,0,0,0,0,0,0,0,0,0,0,0,0,0,0,0,0,0,0,0,0,0,0,
0,0,0,0,0,0,0,0,0,0,0,0,0,0,0,0,0,0,0,0,0,0,0,0,0,0,0,0,0,0,0,0,0,0,0,0,0,0,0,0,0,0,0,0,0,0,0,0,0,0,
0,0,0,0,0,0,0,0,0,0,0,0,0,0,0,0,0,0,0,0,0,0,0,0,0,0,0,0,0,0,0,0,0,0,0,0,0,0,0,0,0,0,0,0,0,0,0,0,0,0,
0,0,0,0,0,0,0,0,0,0,0,0,0,0,0,0,0,0,0,0,0,0,0,0,0,0,0,0,0,0,0,0,0,0,0,0,0,0,0,0,0,0,0,0,0,0,0,0,0,0,
0,0,0,0,0,0,0,0,0,0,0,0,0,0,0,0,0,0,0,0,0,0,0,0,0,0,0,0,0,0,0,0,0,0,0,0,0,0,0,0,0,0,0,0,0,0,0,0,0,0,
0,0,0,0,0,0,0,0,0,0,0,0,0,0,0,0,0,0,0,0,0,0,0,0,0,0,0,0,0,0,0,0,0,0,0,0,0,0,0,0,0,0,0,0,0,0,0,0,0,0,
0,0,0,0,0,0,0,0,0,0,0,0,0,0,0,0,0,0,0,0,0,0,0,0,0,0,0,0,0,0,0,0,0,0,0,0,0,0,0,0,0,0,0,0,0,0,0,0,0,0,
0,0,0,0,0,0,0,0,0,0,0,0,0,0,0,0,0,0,0,0,0,0,0,0,0,0,0,0,0,0,0,0,0,0,0,0,0,0,0,0,0,0,0,0,0,0,0,0,0,0,
0,0,0,0,0,0,0,0,0,0,0,0,0,0,0,0,0,0,0,0,0,0,0,0,0,0,0,0,0,0,0,0,0,0,0,0,0,0,0,0,0,0,0,0,0,0,0,0,0,0,
0,0,0,0,0,0,0,0,0,0,0,0,0,0,0,0,0,0,0,0,0,0,0,0,0,0,0,0,0,0,0,0,0,0,0,0,0,0,0,0,0,0,0,0,0,0,0,0,0,0,
0,0,0,0,0,0,0,0,0,0,0,0,0,0,0,0,0,0,0,0,0,0,0,0,0,0,0,0,0,0,0,0,0,0,0,0,0,0,0,0,0,0,0,0,0,0,0,0,0,0,
0,0,0,0,0,0,0,0,0,0,0,0,0,0,0,0,0,0,0,0,0,0,0,0,0,0,0,0,0,0,0,0,0,0,0,0,0,0,0,0,0,0,0,0,0,0,0,0,0,0,
0,0,0,0,0,0,0,0,0,0,0,0,0,0,0,0,0,0,0,0,0,0,0,0,0,0,0,0,0,0,0,0,0,0,0,0,0,0,0,0,0,0,0,0,0,0,0,0,0,0,
0,0,0,0,0,0,0,0,0,0,0,0,0,0,0,0,0,0,0,0,0,0,0,0,0,0,0,0,0,0,0,0,0,0,0,0,0,0,0,0,0,0,0,0,0,0,0,0,0,0,
0,0,0,0,0,0,0,0,0,0,0,0,0,0,0,0,0,0,0,0,0,0,0,0,0,0,0,0,0,0,0,0,0,0,0,0,0,0,0,0,0,0,0,0,0,0,0,0,0,0,
0,0,0,0,0,0,0,0,0,0,0,0,0,0,0,0,0,0,0,0,0,0,0,0,0,0,0,0,0,0,0,0,0,0,0,0,0,0,0,0,0,0,0,0,0,0,0,0,0,0,
0,0,0,0,0,0,0,0,0,0,0,0,0,0,0,0,0,0,0,0,0,0,0,0,0,0,0,0,0,0,0,0,0,0,0,0,0,0,0,0,0,0,0,0,0,0,0,0,0,0,
0,0,0,0,0,0,0,0,0,0,0,0,0,0,0,0,0,0,0,0,0,0,0,0,0,0,0,0,0,0,0,0,0,0,0,0,0,0,0,0,0,0,0,0,0,0,0,0,0,0,
0,0,0,0,0,0,0,0,0,0,0,0,0,0,0,0,0,0,0,0,0,0,0,0,0,0,0,0,0,0,0,0,0,0,0,0,0,0,0,0,0,0,0,0,0,0,0,0,0,0,
0,0,0,0,0,0,0,0,0,0,0,0,0,0,0,0,0,0,0,0,0,0,0,0,0,0,0,0,0,0,0,0,0,0,0,0,0,0,0,0,0,0,0,0,0,0,0,0,0,0,
0,0,0,0,0,0,0,0,0,0,0,0,0,0,0,0,0,0,0,0,0,0,0,0,0,0,0,0,0,0,0,0,0,0,0,0,0,0,0,0,0,0,0,0,0,0,0,0,0,0

[layer]
type=colisiones
data=
0,0,0,0,0,0,0,0,0,0,0,0,0,0,0,0,0,0,0,0,0,0,0,0,0,0,0,0,0,0,0,0,0,0,0,0,0,0,0,0,0,0,0,0,0,0,0,0,0,0,
0,0,0,0,0,0,0,0,0,0,0,0,0,0,0,0,0,0,0,0,0,0,0,0,0,0,0,0,0,0,0,0,0,0,0,0,0,0,0,0,0,0,0,0,0,0,0,0,0,0,
0,0,0,0,0,0,0,0,0,0,0,0,0,0,0,0,0,0,0,0,0,0,0,0,0,0,0,0,0,0,0,0,0,0,0,0,0,0,0,0,0,0,0,0,0,0,0,0,0,0,
0,0,0,0,0,0,0,0,0,0,0,0,0,0,0,0,0,0,0,0,0,0,0,0,0,0,0,0,0,0,0,0,0,0,0,0,0,0,0,0,0,0,0,0,0,0,0,0,0,0,
0,0,0,0,0,0,0,0,0,0,0,0,0,0,0,0,0,0,0,0,0,0,0,0,0,0,0,0,0,0,0,0,0,0,0,0,0,0,0,0,0,0,0,0,0,0,0,0,0,0,
0,0,0,0,0,0,0,0,0,0,0,0,0,0,0,0,0,0,0,0,0,0,0,0,0,0,0,0,0,0,0,0,0,0,0,0,0,0,0,0,0,0,0,0,0,0,0,0,0,0,
0,0,0,0,0,0,0,0,0,0,0,0,0,0,0,0,0,0,0,0,0,0,0,0,0,0,0,0,0,0,0,0,0,0,0,0,0,0,0,0,0,0,0,0,0,0,0,0,0,0,
0,0,0,0,0,0,0,0,0,0,0,0,0,0,0,0,0,0,0,0,0,0,0,0,0,0,0,0,0,0,0,0,0,0,0,0,0,0,0,0,0,0,0,0,0,0,0,0,0,0,
0,0,0,0,0,0,0,0,0,0,0,0,0,0,0,0,0,0,0,0,0,0,0,0,0,0,0,0,0,0,0,0,0,0,0,0,0,0,0,0,0,0,0,0,0,0,0,0,0,0,
0,0,0,0,0,0,0,0,0,0,0,0,0,0,0,0,0,0,0,0,0,0,0,0,0,0,0,0,0,0,0,0,0,0,0,0,0,0,0,0,0,0,0,0,0,0,0,0,0,0,
0,0,0,0,0,0,0,0,0,0,0,0,0,0,0,0,0,0,0,0,0,0,0,0,0,0,0,0,0,0,0,0,0,0,0,0,0,0,0,0,0,0,0,0,0,0,0,0,0,0,
0,0,0,0,0,0,0,0,0,0,0,0,0,0,0,0,0,0,0,0,0,0,0,0,0,0,0,0,0,0,0,0,0,0,0,0,0,0,0,0,0,0,0,0,0,0,0,0,0,0,
0,0,0,0,0,0,0,0,0,0,0,0,0,0,0,0,0,0,0,0,0,0,0,0,0,0,0,0,0,0,0,0,0,0,0,0,0,0,0,0,0,0,0,0,0,0,0,0,0,0,
0,0,0,0,0,0,0,0,0,0,0,0,0,0,0,0,0,0,0,0,0,0,0,0,0,0,0,0,0,0,0,0,0,0,0,0,0,0,0,0,0,0,0,0,0,0,0,0,0,0,
0,0,0,0,0,0,0,0,0,0,0,0,0,0,0,0,0,0,0,0,0,0,0,0,0,0,0,0,0,0,0,0,0,0,0,0,0,0,0,0,0,0,0,0,0,0,0,0,0,0,
0,0,0,0,0,0,0,0,0,0,0,0,0,0,0,0,0,0,0,0,0,0,0,0,0,0,0,0,0,0,0,0,0,0,0,0,0,0,0,0,0,0,0,0,0,0,0,0,0,0,
0,0,0,0,0,0,0,0,0,0,0,0,0,0,0,0,0,0,0,0,0,0,0,0,0,0,0,0,0,0,0,0,0,0,0,0,0,0,0,0,0,0,0,0,0,0,0,0,0,0,
0,0,0,0,0,0,0,0,0,0,0,0,0,0,0,0,0,0,0,0,0,0,0,0,0,0,0,0,0,0,0,0,0,0,0,0,0,0,0,0,0,0,0,0,0,0,0,0,0,0,
0,0,0,0,0,0,0,0,0,0,0,0,0,0,0,0,0,0,0,0,0,0,0,0,0,0,0,0,0,0,0,0,0,0,0,0,0,0,0,0,0,0,0,0,0,0,0,0,0,0,
0,0,0,0,0,0,0,0,0,0,0,0,0,0,0,0,0,0,0,0,0,0,0,0,0,0,0,0,0,0,0,0,0,0,0,0,0,0,0,0,0,0,0,0,0,0,0,0,0,0,
0,0,0,0,0,0,0,0,0,0,0,0,0,0,0,0,0,0,0,0,0,0,0,0,0,0,0,0,0,0,0,0,0,0,0,0,0,0,0,0,0,0,0,0,0,0,0,0,0,0,
0,0,0,0,0,0,0,0,0,0,0,0,0,0,0,0,0,0,0,0,0,0,0,0,0,0,0,0,0,0,0,0,0,0,0,0,0,0,0,0,0,0,0,0,0,0,0,0,0,0,
0,0,0,0,0,0,0,0,0,0,0,0,0,0,0,0,0,0,0,0,0,0,0,0,0,0,0,0,0,0,0,0,0,0,0,0,0,0,0,0,0,0,0,0,0,0,0,0,0,0,
0,0,0,0,0,0,0,0,0,0,0,0,0,0,0,0,0,0,0,0,0,0,0,0,0,0,0,0,0,0,0,0,0,0,0,0,0,0,0,0,0,0,0,0,0,0,0,0,0,0,
0,0,0,0,0,0,0,0,0,0,0,0,0,0,0,0,0,0,0,0,0,0,0,0,0,0,0,0,0,0,0,0,0,0,0,0,0,0,0,0,0,0,0,0,0,0,0,0,0,0,
0,0,0,0,0,0,0,0,0,0,0,0,0,0,0,0,0,0,0,0,0,0,0,0,0,0,0,0,0,0,0,0,0,0,0,0,0,0,0,0,0,0,0,0,0,0,0,0,0,0,
0,0,0,0,0,0,0,0,0,0,0,0,0,0,0,0,0,0,0,0,0,0,0,0,0,0,0,0,0,0,0,0,0,0,0,0,0,0,0,0,0,0,0,0,0,0,0,0,0,0,
0,0,0,0,0,0,0,0,0,0,0,0,0,0,0,0,0,0,0,0,0,0,0,0,0,0,0,0,0,0,0,0,0,0,0,0,0,0,0,0,0,0,0,0,0,0,0,0,0,0,
0,0,0,0,0,0,0,0,0,0,0,0,0,0,0,0,0,0,0,0,0,0,0,0,0,0,0,0,0,0,0,0,0,0,0,0,0,0,0,0,0,0,0,0,0,0,0,0,0,0,
0,0,0,0,0,0,0,0,0,0,0,0,0,0,0,0,0,0,0,0,0,0,0,0,0,0,0,0,0,0,0,0,0,0,0,0,0,0,0,0,0,0,0,0,0,0,0,0,0,0,
0,0,0,0,0,0,0,0,0,0,0,0,0,0,0,0,0,0,0,0,0,0,0,0,0,0,0,0,0,0,0,0,0,0,0,0,0,0,0,0,0,0,0,0,0,0,0,0,0,0,
0,0,0,0,0,0,0,0,0,0,0,0,0,0,0,0,0,0,0,0,0,0,0,0,0,0,0,0,0,0,0,0,0,0,0,0,0,0,0,0,0,0,0,0,0,0,0,0,0,0,
0,0,0,0,0,0,0,0,0,0,0,0,0,0,0,0,0,0,0,0,0,0,0,0,0,0,0,0,0,0,0,0,0,0,0,0,0,0,0,0,0,0,0,0,0,0,0,0,0,0,
0,0,0,0,0,0,0,0,0,0,0,0,0,0,0,0,0,0,0,0,0,0,0,0,0,0,0,0,0,0,0,0,0,0,0,0,0,0,0,0,0,0,0,0,0,0,0,0,0,0,
0,0,0,0,0,0,0,0,0,0,0,0,0,0,0,0,0,0,0,0,0,0,0,0,0,0,0,0,0,0,0,0,0,0,0,0,0,0,0,0,0,0,0,0,0,0,0,0,0,0,
0,0,0,0,0,0,0,0,0,0,0,0,0,0,0,0,0,0,0,0,0,0,0,0,0,0,0,0,0,0,0,0,0,0,0,0,0,0,0,0,0,0,0,0,0,0,0,0,0,0,
0,0,0,0,0,0,0,0,0,0,0,0,0,0,0,0,0,0,0,0,0,0,0,0,0,0,0,0,0,0,0,0,0,0,0,0,0,0,0,0,0,0,0,0,0,0,0,0,0,0,
0,0,0,0,0,0,0,0,0,0,0,0,0,0,0,0,0,0,0,0,0,0,0,0,0,0,0,0,0,0,0,0,0,0,0,0,0,0,0,0,0,0,0,0,0,0,0,0,0,0,
0,0,621,621,621,621,621,621,621,621,621,0,0,0,0,0,0,0,0,0,0,0,0,0,0,0,0,0,0,0,0,0,0,0,0,0,0,0,0,0,0,0,0,0,0,0,0,0,0,0,
0,0,621,621,621,621,621,621,621,621,621,0,0,0,0,0,0,0,0,0,0,0,0,0,0,0,0,0,0,0,0,0,0,0,0,0,0,0,0,0,0,0,0,0,0,0,0,0,0,0,
0,0,621,621,621,621,621,621,621,621,621,0,0,0,0,0,0,0,0,0,0,0,0,0,0,0,0,0,0,0,0,0,0,0,0,0,0,0,0,0,0,0,0,0,0,0,0,0,0,0,
0,0,621,621,621,621,621,621,621,621,621,0,0,0,0,0,0,0,0,0,0,0,0,0,0,0,0,0,0,0,0,0,0,0,0,0,0,0,0,0,0,0,0,0,0,0,0,0,0,0,
0,0,621,621,621,621,621,621,621,621,621,0,0,0,0,0,0,0,0,0,0,0,0,0,0,0,0,0,0,0,0,0,0,0,0,0,0,0,0,0,0,0,0,0,0,0,0,0,0,0,
0,0,621,621,621,621,621,621,621,621,621,0,0,0,0,0,0,0,0,0,0,0,0,0,0,0,0,0,0,0,0,0,0,0,0,0,0,0,0,0,0,0,0,0,0,0,0,0,0,0,
0,0,621,621,621,621,621,621,621,621,621,0,0,0,0,0,0,0,0,0,0,0,0,0,0,0,0,0,0,0,0,0,0,0,0,0,0,0,0,0,0,0,0,0,0,0,0,0,0,0,
0,0,621,621,621,621,621,621,621,621,621,0,0,0,0,0,0,0,0,0,0,0,0,0,0,0,0,0,0,0,0,0,0,0,0,0,0,0,0,0,0,0,0,0,0,0,0,0,0,0,
0,0,621,621,621,621,621,621,621,621,621,0,0,0,0,0,0,0,0,0,0,0,0,0,0,0,0,0,0,0,0,0,0,0,0,0,0,0,0,0,0,0,0,0,0,0,0,0,0,0,
0,0,621,621,621,621,621,621,621,621,621,0,0,0,0,0,0,0,0,0,0,0,0,0,0,0,0,0,0,0,0,0,0,0,0,0,0,0,0,0,0,0,0,0,0,0,0,0,0,0,
0,0,621,621,621,621,621,621,621,621,621,0,0,0,0,0,0,0,0,0,0,0,0,0,0,0,0,0,0,0,0,0,0,0,0,0,0,0,0,0,0,0,0,0,0,0,0,0,0,0,
0,0,0,0,0,0,0,0,0,0,0,0,0,0,0,0,0,0,0,0,0,0,0,0,0,0,0,0,0,0,0,0,0,0,0,0,0,0,0,0,0,0,0,0,0,0,0,0,0,0

